3,3
0,51
10,315
0,548
10,314
0,547
0,243
10,313
10,312
0,546
10,311
0,545
10,310
10,309
0,544
10,308
11,30
0,543
10,307
0,542
10,306
0,541
10,305
10,304
0,540
8,18
8,17
10,303
0,539
10,302
10,301
0,538
10,300
0,537
11,29
10,299
10,298
0,536
10,297
0,535
10,296
10,295
0,534
10,294
0,533
10,293
10,292
0,532
10,291
0,531
10,290
0,530
10,289
11,28
10,288
0,529
10,287
0,528
10,286
10,285
0,527
10,284
10,283
0,526
10,282
0,525
10,281
0,524
10,280
9,7
10,279
0,523
10,278
0,522
10,277
10,276
0,521
10,275
0,520
10,274
10,273
0,519
10,272
11,27
0,518
10,271
10,270
0,517
10,269
8,16
0,516
10,268
10,267
0,515
10,266
0,514
10,265
0,513
10,264
10,263
0,512
11,26
10,262
0,511
10,261
0,510
10,260
10,259
0,509
10,258
0,508
10,257
11,25
0,507
10,256
10,255
0,506
10,254
0,505
10,253
10,252
0,504
10,251
0,503
10,250
10,249
0,502
10,248
0,501
10,247
0,500
10,246
10,245
8,15
11,24
0,499
10,244
10,243
0,498
10,242
0,497
10,241
0,496
10,240
10,239
0,495
10,238
8,14
0,494
10,237
10,236
0,493
10,235
0,492
10,234
10,233
0,491
10,232
0,490
10,231
10,230
11,23
0,489
10,229
0,488
10,228
10,227
0,487
10,226
0,486
10,225
0,485
10,224
10,223
0,484
11,22
10,222
0,483
10,221
0,482
10,220
10,219
0,481
10,218
0,480
10,217
10,216
0,479
10,215
0,478
10,214
10,213
0,477
8,13
8,12
11,21
10,212
0,476
10,211
0,475
10,210
10,209
0,474
10,208
0,473
10,207
0,472
10,206
10,205
